1
1
2
1
1
2
1
1
2
3
3 - 00:06
1
1
2
1
1
2
1
1
2
3 - End of Row 00:13
3 - 00:14
1 4
1 4
2 5
1 4
1 4
1 4
2 5
1 4
1 4
1 4
2 5
1 3
1 3 - 00:22
1 4 6 8 -00:24
1 4 6 8
2 5 7 9
1 4 6 8
1 4 6 8
1 4 6 8
2 5 7 9
1 4 6 8 - 00:26
1 4 6 8
1 4 6 8
2 5 7 9
1 3 10 12
1 3 10 12 - 00:30
13
2
1 - 00:32
1 - 00:34
13
2 - 00:35
14 1 4 8 - 00:36
14
14 2
14 5
14 2 - 00:37
14 2
14 2
14 2
15 3 13 2 6 9 - 00:38
15 13
15 2
15 3
15 13
15 13
15
15
16 3 1 6 - 00:40
16 
16 3
16 3
16 3
16 
16 3
16 2
17 13 2 10 3 - 00:42
17
17 13- 00:42
17
15 2 5 9 - 00:43
15
17
15
14 1 5 8 - 0:44
14 
14 2
14 4
14 10
14 2
14 3
14 13 - 00:45
15 2
15 3
15 3
15 13
15 
15 14
15 13
15 3 -00:48
16 3
16
16 3
16 13
16 3
16
16 3
16 13 2
17 2 - 00:50
17
17
17
15
15
17
15 - 00:51
14 1 5 8 - 00:52
14 
14 2
14 5
14 2 - 00:53
14 2
14 2
14 2
15 3
15 13
15 2
15 3
15 13
15 13
15
15 - 00:55
16 3 1 5 - 00:56
16
16 3
16 3
16 3
16 
16 3
16 2 - 00:58
14 1 5 8 - 1:00
14
14 2
14 4 5
14
14 2
14 3
14 13
15 2 - 1:02
15 3
15 3
15 13
15
15 14
15 13
15 3 - 1:03
16 3
16
16 3
16 13
16 3
16 3
16 13
16 3
17 2 - 01:06
17
17
17
15
15
17 3
15 2
16 - 01:08
16 1
16 1
16 1
16 1
16 2
16 3
16 13
16 13
16 3
16 2
16 3
15
15 3
15 2
15 - 1:11
16 1 - 1:12
16 1
16 1
16 1
16 2
16 3
16 13
16 
16 2 - 1:14
16
15 3
15
15
15
15 3
15 2
16 - 01:16
16 1
16 1
16 1
16 1
16 2
16 3
16 13
16 13 - 1:18
16 3
16 2
16 3
15
15 3
15 2
15
16 1 - 1:20
16 2
16 1
16 9
15 
15 1
15 10
15
16 10 - 1:22
16
16
16
16
16
16
16
16 10 - 1:24
3 - 1:25
13
3
3 15 - 1:26
15 13
15 13
15
15
15
15
15
16 - 1:28
16
16
16
16
16
16
16
17 - 1:30
17
17
17
17
17
17
17
18 - 1:32
18
18
18
16
16
18
16
15 - 1:34
15
15
15
15
15
15
15
16 - 1:36
16
16
16
16
16
16
16
17 3 1 10 - 1:38
17
17
17
17
17
17
17
18 13 2 12 - 1:40
18
18
18
16
16
18
16
14 1 4 8 - 1:42
14
14 2
14 5
14 2 - 1:43
14 2
14 2
14 2
15 3 13 2 6 9 - 1:44
15 13
15 2
15 3
15 13
15 13
15
15
16 3 1 6 - 1:46
16 
16 3
16 3
16 3
16 
16 3
16 2
17 13 2 10 3 - 1:48
17
17 13- 1:48
17
15 2 5 9 - 1:49
15
17
15
14 1 5 8 - 1:50
14 
14 2
14 4
14 10
14 2
14 3
14 13 - 1:52
15 2 - 1:52
15 3
15 3
15 13
15 
15 14
15 13
15 3 -1:53
16 3 - 1:54
16
16 3
16 13
16 3
16
16 3
16 13 2
17 2 - 1:56 
17
17
17 
15 - 1:57
15
17
15 - 1:57
14 1 5 8 -1:58
14 
14 2
14 5
14 2 
14 2
14 2
14 2
15 3 -2:00 
15 13
15 2
15 3
15 13
15 13
15
15 - 2:02
16 3 1 5 - 2:04
16
16 3
16 3
16 3
16 
16 3
16 2 - 2:05
14 1 5 8 - 2:06
14
14 2
14 4 5
14
14 2
14 3
14 13
15 2 - 2:08
15 3 - 2:09
15 3
15 13
15
15 14
15 13
16 3 - 2:10
16 3
16
16 3
16 13
16 3
16 3
16 13
16 3
17 2 - 2:12
17
17 2:13
17
15
15
17 3
15 2
16 - 2:14
16 1
16 1
16 1
16 1
16 2
16 3
16 13 
16 13 - 2:16
16 3
16 2
16 3
15
15 3
15 2
15 - 2:17
16 1 - 2:18
16 1
16 1
16 1
16 2
16 3
16 13
16 
16 2 - 2:20
16
15 3
15
15
15
15 3
15 2
16 - 2:22
16 1
16 1
16 1
16 1
16 2
16 3
16 13
16 13 - 2:24
16 3
16 2
16 3
15
15 3
15 2
15
16 1 - 2:26
16 2
16 1
16 9
15 
15 1
15 10
15
16 10 - 2:28
16
16
16
16
16
16
16
16 10 - 2:30
3 - 2:31
13
3
3 15 - 2:32
15 13
15 13
15
15
15
15
15
16 - 2:36
16
16
16
16
16
16
16
17 - 2:38
17
17
17
17
17
17
17
18 - 2:39
18
18
18
16
16
18
16
15 - 2:40
15
15
15
15
15
15
15
16 - 2:42
16
16
16
16
16
16
16
17 3 1 10 - 2:44
17
17
17
17
17
17
17
18 13 2 12 - 2:46
18
18
18
16
16
18
16
14 1 4 8 - 2:48
14
14 2
14 5
14 2 - 2:49
14 2
14 2
14 2
15 3 13 2 6 9 - 2:50
15 13
15 2
15 3
15 13
15 13
15
15
16 3 1 6 - 2:52
16 
16 3
16 3
16 3
16 
16 3
16 2
17 13 2 10 3 - 2:54
17
17 13- 2:55
17
15 2 5 9 - 2:56
15
17
15
14 1 5 8 - 2:58
14 2
14 4
14 10
14 2
14 3
14 13 - 2:59
15 2
15 3
15 3
15 13
15 
15 14
15 13
15 3 -3:00
16 3
16
16 3
16 13
16 3
16
16 3
16 13 2
17 2 - 3:02
17
17
17
15
15
17
15 - 3:03
14 1 5 8 - 3:04
14 
14 2
14 5
14 2 - 3:05
14 2
14 2
14 2
15 3 - 3:06
15 13
15 2
15 3
15 13
15 13
13
15 -3:08
16 3 1 5 - 3:10
16
16 3
16 3
16 3
16 
16 3
16 2 - 3:11
14 1 5 8 - 3:12
14 2
14 4 5
14
14 2
14 3
14 13
15 2 -3:14
15 3
15 3
15 13
15
15 14
15 13
15 3 - 3:16
16 3
16
16 3
16 13
16 3
16 3
16 13
16 3
17 2 - 3:19
17
17
17
15
15
17 3
15 2
16 - 03:20
16 1
16 1
16 1
16 1
16 2
16 3
16 13
16 13
16 3
16 2
16 3
15
15 3
15 2
15 - 3:23
16 1 - 3:24
16 1
16 1
16 1
16 2
16 3
16 13
16 
16 2 - 3:26
16
15 3
15
15
15
15 3
15 2
16 - 3:28
16 1
16 1
16 1
16 1
16 2
16 3
16 13
16 13 - 3:30
16 3
16 2
16 3
15
15 3
15 2
15
16 1 - 3:32
16 2
16 1
16 9
15 
15 1
15 10
15
16 10 - 3:34
16
16
16
16
16
16
16
16 10 - 3:36
3 - 3:37
13
3
3 15 - 3:38
15 13
15 13
15
15
15
15
15
16 - 3:40
16
16
16
16
16
16
16
17 - 3:40
17
17
17
17
17
17
17
18 - 3:42
18
18
18
16
16
18
16
15 - 3:44
15
15
15
15
15
15
15
16 - 3:45
16
16
16
16
16
16
16
17 3 1 10 - 3:46
17
17
17
17
17
17
17
18 13 2 12 - 3:48
18
18
18
16
16
18
16
19 14 1 5 8 - 3:54